
# K-Spectral Centroids (KSC):
Centroid for Cluster #0
Growth Rate: 0
0.0020694131528699606
0.0037484893913224404
0.00626577417979768
0.010489531367623426
0.012744774234392372
0.0159789612170573
0.018808884485642
0.02189612958026305
0.02449916334465806
0.026489219473243758
0.028966792096403245
0.0322055018687913
0.03508563598018988
0.037422624185788525
0.0411243302498971
0.043437707488810144
0.046540771448689046
0.0503510103939955
0.05995985149949185
0.06364219296166548
0.06859335589825993
0.0738793111056244
0.07815063804569394
0.08340213614511188
0.08776585657505825
0.09587044459825259
0.10447505022033572
0.11501113577167789
0.1242158651796823
0.13046098404296833
0.13653476678087456
0.14257580147115442
0.14807524846784179
0.153742514163078
0.1599242373147461
0.1730750726335414
0.17875876471574667
0.1846143341963893
0.189243438124629
0.19406662810199984
0.19925487988178148
0.2035963731551004
0.20765352312554897
0.21215965586130556
0.21803470585342777
0.22229732657274018
0.2257151863559194
0.22828883361393026
0.23119966686446042
0.236881041881407
0.2420375841549414
0.25120997882325985
Centroid for Cluster #1
Growth Rate: 1
0.004125449987598304
0.008927520995314908
0.013702548444430678
0.01856776387280582
0.024071087221124665
0.027711476086712407
0.031740408625099865
0.0358876585166201
0.03996107418700539
0.0439430789727875
0.04774443935473082
0.05198276381374742
0.05668070167946583
0.06120105750634775
0.06477462792297446
0.06947634118541947
0.07418527961816408
0.07938825518322581
0.08384171543420534
0.08815610049249771
0.09357765507694281
0.09802821410858319
0.1033639476804261
0.10818518489853997
0.11198549254665394
0.11615920961992904
0.1223018168125661
0.12678978367693156
0.13028672735773963
0.13396187322117123
0.13818184470119604
0.14256401948598776
0.14773024245373187
0.1520345249589031
0.15652923293075208
0.16127635069399246
0.16516866368071942
0.16974989833714282
0.1735474221792165
0.1783228123038218
0.18524305109294104
0.19172287726486975
0.19734171988096322
0.20258886460234504
0.2087827789399288
0.2142411271282832
0.21825712331219238
0.22304298815175205
0.2279607166707134
0.23194044424248297
0.23667055056908387
0.24351246478916258
Centroid for Cluster #2
Growth Rate: 2
0.007022680742729619
0.012608621253428987
0.02021110673613655
0.026722992285058467
0.03186819158345375
0.03775408190637021
0.043873361343975494
0.04990167416995173
0.05536700996040375
0.061626482750672444
0.06623773210208896
0.07017336605969689
0.07527458817192002
0.07961328526987399
0.08346763687110219
0.08763526776818928
0.09141506174667699
0.09602949355662585
0.10029811399403504
0.10426167628335083
0.10896240836754262
0.11308801241317558
0.11697318488515628
0.12145248605013896
0.1251057286185047
0.1287165177811812
0.1327338789281115
0.13667567829337912
0.14012533208454014
0.14387611968123962
0.14822438965874155
0.15172212529756365
0.1555913019919082
0.15953719850601789
0.1633316927218754
0.1662876350324681
0.16953761088876754
0.17313305709424456
0.1767311799765885
0.18000306258042775
0.18425404956499095
0.187352208944712
0.1890937302508939
0.19220126948111504
0.19492571513151047
0.19842399050615475
0.2007457271900279
0.20210920674696048
0.20522924703418982
0.20847170521412228
0.21157968091565896
0.2158429287316946
Centroid for Cluster #3
Growth Rate: 3
-0.0
0.002684775679618471
0.003404295476913899
0.00412381527420852
0.0041238152742085485
0.006282374666093657
0.007001894463388695
0.027242933887375618
0.034415916698302296
0.03441591669830229
0.03585495629289237
0.03997877156710092
0.043383067044014435
0.04410258684130947
0.05199508944953119
0.0564832965808394
0.05648329658083938
0.059168072260457845
0.05916807226045786
0.0632918875346664
0.06401140733196146
0.06688948652114163
0.06904804591302671
0.07048708550761681
0.07120660530491182
0.0726456448995019
0.07552372408868206
0.07624324388597709
0.0873782175404786
0.09599023994599536
0.09670975974329038
0.09814879933788045
0.10532178214880714
0.11196854867200046
0.11537284414891397
0.1194966594231225
0.12237473861230268
0.12505951429192114
0.1508634085847067
0.17450874348560713
0.1872445811653324
0.20571436206139435
0.21612981591860086
0.23207664556567797
0.23423520495756306
0.24804569037477886
0.25648662443275755
0.265291950347836
0.2724871483207863
0.2834510336277499
0.2936953991374183
0.2958539585293035
